jails: 
  urmom: 
    world: world
    x: -136.36703605026153
    y: 64.0
    z: 264.10953784797937
    yaw: -187.89821
    pitch: 10.787881
