spawns: 
  default: 
    world: world
    x: -72.27828150874886
    y: 64.0
    z: 314.2210679392765
    yaw: 87.684616
    pitch: 6.467571
