world: world
x: 12.368613693557858
y: 64.0
z: 371.27710098967964
yaw: -1.3578186
pitch: 53.276764
name: red
