world: world
x: -135.33573889542038
y: 67.0
z: 137.98460014883383
yaw: 196.95003
pitch: 9.449993
name: Sam
