timestamps:
  login: 1668790829322
ipAddress: 127.0.0.1
lastlocation:
  world: world
  x: -75.5
  y: 64.0
  z: 297.5
  yaw: 0.0
  pitch: 0.0
logoutlocation:
  world: world
  x: -72.78112633406803
  y: 64.0
  z: 308.18308352347987
  yaw: -42.93839
  pitch: 8.699993
