lastlocation:
  world: world
  x: -28.890951823849477
  y: 71.24918707874468
  z: 286.3580304659151
  yaw: -268.53842
  pitch: -34.35001
timestamps:
  login: 1669914765203
  lastteleport: 1668802788738
  logout: 1669915052473
ipAddress: 127.0.0.1
logoutlocation:
  world: world
  x: -72.79693112291841
  y: 87.47990814974445
  z: 308.3859819539458
  yaw: -319.38855
  pitch: 68.4
