lastlocation:
  world: world
  x: -66.5
  y: 76.0
  z: 322.5
  yaw: 0.0
  pitch: 0.0
timestamps:
  login: 1669994535254
  logout: 1669994538411
ipAddress: 127.0.0.1
logoutlocation:
  world: world
  x: -72.5
  y: 64.0
  z: 314.5
  yaw: -268.59528
  pitch: 5.741731
