timestamps:
  login: 1668717813112
  logout: 1668717813132
ipAddress: 127.0.0.1
lastlocation:
  world: world
  x: -76.5
  y: 71.0
  z: 310.5
  yaw: 0.0
  pitch: 0.0
logoutlocation:
  world: world
  x: -72.5
  y: 64.0
  z: 302.5
  yaw: -21.188385
  pitch: 7.0499926
