timestamps:
  login: 1668639379116
  logout: 1668639453169
ipAddress: 127.0.0.1
lastlocation:
  world: world
  x: -55.5
  y: 79.0
  z: 296.5
  yaw: 10.050001
  pitch: 28.200003
logoutlocation:
  world: world
  x: -138.8115220482941
  y: 64.0
  z: 258.30000001192093
  yaw: -309.9
  pitch: 13.0499935
