timestamps:
  login: 1668803706349
  logout: 1668545144784
ipAddress: 127.0.0.1
lastlocation:
  world: world
  x: -95.01475250150331
  y: 72.86512829970259
  z: 302.46254211419944
  yaw: 7.5190916
  pitch: 19.65001
logoutlocation:
  world: world
  x: -115.43186846956041
  y: 64.0
  z: 276.2323085996301
  yaw: -174.84346
  pitch: 44.849995
