timestamps:
  login: 1669817708329
  logout: 1669817842849
ipAddress: 127.0.0.1
lastlocation:
  world: world
  x: -56.5
  y: 70.0
  z: 295.5
  yaw: 0.0
  pitch: 0.0
logoutlocation:
  world: world
  x: 89.43628612010507
  y: 72.5
  z: 421.30000001192093
  yaw: -324.35657
  pitch: 11.849994
afk: false
ban:
  reason: '§4Banned:

    §rThe Ban Hammer has spoken!'
  timeout: 0
