timestamps:
  login: 1669938140321
  logout: 1669938168534
ipAddress: 127.0.0.1
lastlocation:
  world: world
  x: -74.5
  y: 64.0
  z: 298.5
  yaw: 0.0
  pitch: 0.0
logoutlocation:
  world: world
  x: -74.5
  y: 64.0
  z: 298.5
  yaw: -3.824275
  pitch: 1.4144579
