timestamps:
  login: 1668464570410
  logout: 1668464599408
ipAddress: 127.0.0.1
logoutlocation:
  world: world
  x: -15.5
  y: 65.0
  z: 261.5
  yaw: 132.45001
  pitch: 28.200003
