timestamps:
  login: 1669068220109
  logout: 1669068227552
ipAddress: 127.0.0.1
lastlocation:
  world: world
  x: -67.5
  y: 74.0
  z: 296.5
  yaw: 0.0
  pitch: 0.0
logoutlocation:
  world: world
  x: -72.5
  y: 64.0
  z: 302.5
  yaw: -21.188385
  pitch: 7.0499926
