lastlocation:
  world: world
  x: -70.5
  y: 64.0
  z: 304.5
  yaw: 0.0
  pitch: 0.0
timestamps:
  login: 1669990540366
  logout: 1669990563405
ipAddress: 127.0.0.1
logoutlocation:
  world: world
  x: -73.53431728966719
  y: 64.0
  z: 311.7282880383852
  yaw: -4.4452524
  pitch: -5.3582697
