lastlocation:
  world: world
  x: -81.5
  y: 64.0
  z: 295.5
  yaw: 0.0
  pitch: 0.0
timestamps:
  login: 1669052044702
  logout: 1669052063320
ipAddress: 127.0.0.1
logoutlocation:
  world: world
  x: -72.5
  y: 64.0
  z: 302.5
  yaw: -21.188385
  pitch: 7.0499926
